326 103.7 11.3 325 14.1 1.0
376 39.8 8.4 375 20.4 1.2
426 -47.8 7.0 425 19.0 1.1
475 -72.1 6.0 475 12.0 0.6
523 -35.1 4.7 524 7.2 0.4
574 10.2 5.6 575 11.6 0.6
625 23.6 6.6 624 29.7 1.1
675 -63.7 7.3 674 39.0 1.3
725 -120.8 6.8 725 34.5 1.2
774 -121.2 6.6 774 20.7 0.9
824 -49.2 4.7 824 13.5 0.6
874 38.0 5.0 874 17.1 0.7
924 56.6 4.9 924 31.6 1.0
974 13.3 4.8 974 40.6 1.3
1024 -52.3 5.2 1024 38.5 1.3
1075 -74.0 4.7 1075 26.2 1.0
1124 -54.2 3.8 1124 15.0 0.6
1174 -10.0 3.3 1174 12.4 0.6
1224 4.4 3.3 1224 21.9 0.9
1274 -15.9 3.3 1275 29.2 1.1
1324 -47.8 3.4 1325 31.1 1.1
1374 -61.7 3.4 1374 22.7 0.9
1424 -42.0 3.0 1424 12.8 0.7
1474 -11.9 2.7 1474 10.6 0.6
1524 9.1 2.5 1524 14.4 0.7
1574 -0.4 2.5 1574 21.4 0.9
1624 -14.7 2.4 1624 20.2 0.9
1674 -32.4 2.2 1674 18.2 0.8
1724 -24.9 2.2 1724 10.3 0.7
1775 -15.2 2.0 1775 8.8 0.7
1824 -9.4 1.9 1825 8.9 0.7
1874 -3.5 1.9 1874 10.0 0.8
1924 -11.3 1.8 1924 12.3 0.8
1975 -16.3 1.8 1975 11.1 0.8
2050 -14.2 0.9 2049 6.4 0.4
2151 -4.8 0.9 2148 5.3 0.5
2250 -5.6 0.8 2248 6.8 0.5
2349 -9.2 0.8 2348 3.5 0.5
2450 -3.6 0.8 2448 3.7 0.6
2549 -3.7 0.8 2548 2.6 0.6
2649 -3.5 0.8 2648 1.9 0.7
2749 -2.1 0.8 2748 1.7 0.8
2849 -0.5 0.8 2848 1.2 0.9
2949 -2.3 0.8 2948 -0.1 1.0