300 350 326.0908 103.7939 11.3251 324.8075 13.9713 1.0073
350 400 375.8787 40.1294 8.3523 374.8113 20.2682 1.2318
400 450 425.6654 -47.2734 7.0127 424.6999 18.9191 1.0806
450 500 475.0822 -71.5847 6.0176 474.5631 11.9062 0.6392
500 550 523.4593 -34.8208 4.7455 524.4034 7.1174 0.3853
550 600 574.2567 10.3824 5.6307 574.5175 11.4942 0.6121
600 650 624.6061 23.8299 6.5836 624.4661 29.4778 1.1425
650 700 674.6029 -63.0689 7.2853 674.4634 38.7476 1.3290
700 750 724.5354 -120.2100 6.7930 724.5179 34.2187 1.2446
750 800 774.4481 -120.6436 6.6242 774.4347 20.5864 0.8830
800 850 824.4795 -48.9407 4.6842 824.4422 13.3816 0.5547
850 900 874.4544 37.8539 5.0393 874.4371 17.0156 0.7000
900 950 924.4535 56.4048 4.8501 924.3922 31.3186 1.0451
950 1000 974.4426 13.2431 4.7847 974.3900 40.2774 1.3269
1000 1050 1024.4235 -52.0856 5.1541 1024.3944 38.2083 1.3018
1050 1100 1074.5000 -73.7541 4.6633 1074.5135 25.9722 0.9633
1100 1150 1124.4450 -53.9826 3.7955 1124.3988 14.9089 0.6428
1150 1200 1174.3657 -9.9663 3.2570 1174.2929 12.3309 0.5943
1200 1250 1224.4428 4.3938 3.2726 1224.4160 21.7208 0.8543
1250 1300 1274.4769 -15.8537 3.3248 1274.5268 29.0214 1.0655
1300 1350 1324.4904 -47.6581 3.3871 1324.5481 30.9052 1.0755
1350 1400 1374.4624 -61.4118 3.4037 1374.4853 22.4993 0.8688
1400 1450 1424.4266 -41.8457 3.0131 1424.4139 12.6716 0.6537
1450 1500 1474.4125 -11.8899 2.6714 1474.3779 10.5305 0.6175
1500 1550 1524.4600 9.0150 2.4598 1524.4474 14.3137 0.7078
1550 1600 1574.4773 -0.3874 2.4974 1574.4862 21.2101 0.8587
1600 1650 1624.4639 -14.6844 2.4271 1624.4954 20.0607 0.9066
1650 1700 1674.4770 -32.2314 2.2192 1674.4591 18.0941 0.8105
1700 1750 1724.4465 -24.7769 2.1769 1724.4759 10.2696 0.7071
1750 1800 1774.5074 -15.1683 2.0237 1774.5151 8.7237 0.6533
1800 1850 1824.4938 -9.3476 1.9019 1824.5040 8.7779 0.6968
1850 1900 1874.4509 -3.4393 1.8616 1874.4787 9.9334 0.7720
1900 1950 1924.4714 -11.2413 1.8252 1924.4424 12.1546 0.8320
1950 2000 1974.5248 -16.2684 1.7943 1974.5404 11.0168 0.8220
2000 2100 2049.6747 -14.1277 0.9293 2049.1358 6.3201 0.4298
2100 2200 2150.5291 -4.7893 0.8691 2147.8275 5.2821 0.4544
2200 2300 2249.5591 -5.6107 0.8196 2248.1898 6.7683 0.5097
2300 2400 2349.3262 -9.1770 0.8062 2348.4832 3.4587 0.5320
2400 2500 2449.6103 -3.5649 0.7772 2448.0870 3.6527 0.5690
2500 2600 2549.2081 -3.7345 0.7560 2548.2224 2.5432 0.6254
2600 2700 2648.8160 -3.4837 0.7769 2648.0093 1.8483 0.6812
2700 2800 2748.9937 -2.1125 0.7974 2747.6807 1.6489 0.7641
2800 2900 2848.8407 -0.4717 0.8100 2847.8695 1.2008 0.8701
2900 3000 2948.8194 -2.2503 0.8372 2948.3523 -0.1223 0.9607
